27.8 2 145 0.95 1 0.49 0.3 0.05 0 0.15 5913 2.2 0.27 0.99 0.92 1 1 1952.5 504 0.52 118;
19.9 1 130 0.67 1 0.62 0.28 0.69 2 0.87 3826 0.2 0.04 0.5 0.84 0 1 3577.5 529 0.28 8586;
3.2 0 151 0.88 2 0.55 0.09 0.35 2 0.62 1550 2.9 0.24 0.4 0.62 0 1 2050.5 1365 0.22 3665;
22.1 1 177 0.84 2 0.52 0.8 0.56 1 0.47 6713 1.1 0.77 0.89 0.7 0 1 1633.5 830 0.96 6295;
11.6 0 122 0.91 0 0.03 0.13 0.06 2 0.62 4415 2.7 0.97 0.2 0.48 1 0 1435.5 439 0.29 8301;
13.2 2 101 0.72 1 0.31 0.22 0.37 1 0.28 2851 3.3 0.95 0.37 0.66 0 1 3506.5 1318 0.92 1249;
17.5 2 187 0.81 2 0.12 0.89 0.38 0 0.07 843 3.1 0.21 0.39 0.4 0 0 2229.5 1184 0.11 9165;
25.6 2 36 0.55 1 0.9 0.92 0.53 1 0.42 6876 0.1 0.21 0.42 0.47 0 1 1640.5 2026 0.64 2254;
7.6 2 176 0.95 1 0.13 0.92 0.92 1 0.31 3948 3.3 0.14 0.23 0.22 1 0 1510.5 825 0.58 4377;
25.3 1 147 0.81 1 0.8 0.27 0.08 0 0.92 6732 3.7 0.21 0.48 0.7 0 1 1859.5 677 0.35 2396;
8.2 3 193 0.6 0 0.96 0.89 0.45 2 0.04 2109 0 0.31 0.5 0.66 1 0 765.5 1556 0.08 3416;
8.6 1 46 0.78 1 0.06 0.75 0.4 0 0.63 5354 3.7 0.23 0.16 0.39 1 1 3445.5 2415 0.56 4765;
24.1 3 88 0.52 0 0.15 0.09 0.96 0 0.2 2368 0.1 0.52 0.1 0.3 0 1 1848.5 2386 0.29 5567;
4.6 1 149 0.7 1 0.44 0.76 0.72 2 0.8 6572 2.2 0.26 0.4 0.52 0 0 3783.5 968 0.6 7352;
14.9 0 191 0.84 1 0.42 0.35 0.45 2 0.79 4271 1.5 0.33 0.24 0.38 0 1 2386.5 509 0.03 8137;
25.6 0 120 0.71 1 0.39 0.99 0.06 0 0.92 2264 1.1 0.22 0.95 0.96 0 1 2006.5 324 0.01 1907;
12.7 2 53 0.87 1 0.73 0.2 0.91 2 0.07 3575 0.8 0.31 0.44 0.03 1 0 2099.5 1447 0.2 5187;
11.3 3 33 0.87 2 0.04 0.92 0.95 2 0.51 2391 3.5 0.73 0.58 0.05 0 1 88.5 375 0.48 350;
14.5 3 100 0.93 1 0.66 0.79 0.94 2 0.82 7954 1.4 0.37 0.72 0.68 0 0 2192.5 1392 0.33 8356;
18.3 2 148 0.65 2 0.21 0.45 0.61 2 0.66 1635 1.9 0.55 0.36 0.15 0 0 1955.5 638 0.88 7297;
21.6 0 149 0.57 1 0.09 0.21 0.56 2 0.97 4004 0.3 0.91 0.95 0.76 0 1 1393.5 665 0.88 90;
20.4 3 51 0.57 2 0.87 0.7 0.39 1 0.94 6950 3 0.77 0.29 0.39 0 1 3145.5 1567 0.55 5543;
27.7 3 122 0.75 2 0.36 0.19 0.24 1 0.75 7484 3.3 0.02 0.83 0.22 1 0 2932.5 2738 0.52 46;
8.3 3 72 0.82 2 0.12 0.24 0.52 2 0.42 2485 3 0.44 0.66 0.15 1 0 493.5 1301 0 4665;
22.8 3 144 0.88 2 0.44 0.48 0.04 2 0.01 6386 1.5 0.51 0.96 0.92 0 1 1482.5 1286 0.89 5353;
24.3 2 57 0.85 0 0.66 0.12 0.97 2 0.87 4937 2.6 0.3 0.27 0.7 1 1 883.5 2105 0.43 3937;
9.1 0 11 0.77 0 0.5 0.89 0.94 1 0.15 7847 1.6 0.67 0.41 0.27 1 1 366.5 2194 0.4 2510;
15.6 3 58 0.95 1 0.23 0.19 0.37 2 0.37 3610 0.7 0.37 0 0.23 0 0 602.5 2662 0.63 1302;
10.4 0 6 0.64 1 0.62 0.05 0.19 1 0.01 50 3.2 0.46 0.35 0.71 1 0 3078.5 1171 0.45 7609;
2 1 68 0.65 1 0.36 0.36 0.31 0 0.59 3536 2.3 0.27 0.1 0.13 0 0 3742.5 904 0.95 1934;
6.8 2 26 0.55 0 0.12 0.61 0.13 0 0.69 7390 2.8 0.91 0.58 0.22 1 0 101.5 833 0.61 8705;
7.7 3 172 0.84 1 0.74 0.52 0.41 1 0.71 5958 3.6 0.24 0.97 0.24 1 0 632.5 655 0.07 799;
26.5 2 178 0.95 2 0.08 0.82 0.16 1 0.68 4876 3 0.72 0.12 0.93 0 1 2100.5 2292 0.59 3417;
25 3 118 0.67 1 0.99 0.87 0.42 2 0.86 3947 2 0.54 0.48 0.98 0 0 3873.5 2336 0.89 2488;
29.4 0 176 0.77 1 0 0.86 0.7 2 0.7 2342 2.7 0.54 0.54 0.25 0 0 2176.5 319 0.73 6782;
7.7 3 184 0.93 0 0.29 0.72 0.58 1 0.87 4627 4.5 0.66 0.69 0.55 1 1 2675.5 760 0.73 1356;
13.9 0 26 0.84 0 0.3 0.32 0.21 1 0.92 4620 0.5 0.94 0.83 0.4 0 1 2779.5 2775 0.91 6278;
16.3 0 15 0.8 0 0.43 0.17 0.55 1 0.48 5042 3.1 0.87 0.19 0.23 0 1 3931.5 2634 0.72 9805;
3.5 3 115 0.88 2 0.1 0.02 0.66 1 0.75 5270 3.3 0.87 0.15 0.43 1 0 3567.5 1890 0.29 7695;
8.3 2 56 0.95 0 0.45 1 0.93 0 0.05 7880 0.8 0.27 0.6 0.44 0 1 3660.5 2858 0.41 8249;
28.6 2 116 0.53 0 0 0.88 0.06 0 0.27 5862 3.7 0.82 0.66 0.28 0 1 1178.5 2399 0.38 6166;
12.3 2 99 0.76 2 0.56 0.66 0.92 2 0.84 1392 1.4 0.89 0.44 0.11 1 0 733.5 1660 0.63 6107;
1.6 0 109 0.89 2 0.65 0.22 0.01 0 0.83 2566 4.7 0.08 0.15 0.8 1 0 875.5 397 0.66 7929;
18.1 2 109 0.87 2 0.8 0.52 0.78 0 0.34 6692 0.5 0.48 0.3 0.58 0 0 1909.5 23 0.04 9424;
18.1 0 179 0.76 2 0.2 0.06 0.77 2 0.09 6353 4.5 0.78 0.42 0.75 1 1 3226.5 801 0.88 7867;
17.3 3 1 0.71 1 0.92 0.74 0.06 1 0.27 5293 0.2 0.1 0.24 0.37 0 1 1672.5 945 0.92 1110;
19.1 1 57 0.85 1 0.13 0.06 0.44 2 0.62 6051 1.3 0.74 0.44 0.58 1 1 547.5 2767 0.53 54;
19.5 1 154 0.74 1 0.18 0.4 0.34 1 0.43 2378 1.5 0.58 0.57 0.42 1 0 3282.5 985 0.71 4124;
21.7 3 0 0.71 1 0.93 0.83 0.82 2 0.59 5895 3.1 0.58 0.58 0.48 0 1 1761.5 618 0.29 4219;
2.3 2 174 0.91 0 0.62 0.11 0.4 1 0.64 1945 2.5 0.18 0.9 0.16 0 1 1708.5 759 0.15 4009;
13.2 3 126 0.58 2 0.27 0.42 0.74 2 1 7979 2.7 0.22 0.47 0.48 1 1 3889.5 2088 0.49 2350;
3.1 1 34 0.55 0 0.42 0.69 0.66 1 0.54 6499 3.7 0.82 0.25 0.03 0 1 3400.5 154 0.16 4239;
22.1 3 39 0.51 0 0.15 0 0.95 1 0.66 7872 3.7 0.03 0.74 0.47 0 0 1923.5 1328 0.45 4146;
5 2 13 0.51 0 0.23 0.53 0.28 0 0.75 5023 1.3 0.06 0.24 0.65 1 0 2407.5 295 0.91 3579;
10.8 0 173 0.64 2 0.88 0.15 0.99 1 0.6 4587 1.7 0.22 0.35 0.49 1 0 2561.5 2984 0.72 8524;
24.5 1 81 0.59 2 0.75 0.89 0.2 1 0.61 3028 0.3 0.36 0.36 0.39 1 0 2483.5 1590 0.26 3942;
20.7 3 142 0.78 2 0.2 0.7 0.27 2 0.86 4930 3 0.39 0.44 0.65 1 1 74.5 243 0.33 8403;
4.7 2 67 0.82 1 0.81 0.92 0.63 0 0.7 6614 1.2 0.72 0.01 0.85 0 0 1511.5 896 0.65 9780;
3.6 3 170 0.84 1 0.6 0.93 0.09 2 0.53 3031 4.1 0.84 0.06 0.16 1 1 3212.5 248 0.75 5841;
14.9 2 170 0.87 2 1 0.56 0.33 1 0.85 5490 3.8 0.75 0 0.84 0 1 1152.5 2109 0.23 8940;
15.7 3 193 0.9 0 0.97 0.03 0.22 2 0.03 4700 4.4 0.85 0.96 0.74 0 1 2563.5 1087 0.82 7904;
16.7 0 63 0.73 2 0.52 0.13 0.9 0 0.71 1434 4.2 0.54 0.7 0.62 0 1 3128.5 1660 0.18 7012;
29.9 1 34 0.68 2 0.03 0.55 0.16 1 0.31 2745 4 0.45 0.38 0.16 0 1 1142.5 1069 0.49 6844;
5.7 0 122 0.63 2 0 0.34 0.26 2 0.39 1635 4 0.56 0.61 0.09 0 1 3090.5 2471 0.4 623;
23.3 2 83 0.52 1 0.03 0.82 0.6 1 0.41 5426 3.9 0.2 0.27 0.91 0 1 528.5 706 0.22 2240;
7.5 0 88 0.89 1 0.45 0.69 0.32 0 0.36 1680 2.6 0.78 0.89 0.59 0 1 1560.5 2177 0.68 2189;
4.8 1 150 0.6 2 0.22 0.97 0.72 1 0.59 7456 3.3 0.24 0.52 0.16 0 0 2245.5 1103 0.81 6380;
23.9 1 186 0.58 1 0.68 0.76 0.55 1 0.75 4866 1.4 0.54 0.85 0.39 0 1 3009.5 2476 0.28 1860;
28.4 2 192 0.69 2 0.31 0.51 0.17 0 0.33 1489 1.9 0.77 0.8 0.77 1 1 241.5 2657 0.69 6239;
19.8 0 188 0.55 0 0.26 0.55 0.84 2 0.81 7357 1.3 0.51 0.39 0.23 1 1 1878.5 1477 0.73 2227;
13.3 2 87 0.66 2 0.33 0.92 0.16 0 0.67 3658 0.2 0.01 0.49 0.33 1 1 2118.5 1177 0.98 4483;
25.7 0 190 0.71 2 0.33 0.81 0.36 0 0.54 7083 4.4 0.3 0 0.8 0 1 3919.5 1962 0.08 6090;
9.6 2 100 0.77 0 0.23 0.33 0.8 2 0.1 4009 3.4 0.63 0.14 0.66 0 0 3400.5 692 0.39 8825;
12.1 1 150 0.52 2 0.28 0.75 0.75 2 0.97 2355 2.7 0.63 0.36 0.11 1 1 2258.5 810 0.81 3725;
26.6 2 164 0.59 2 0.2 0.66 0.48 2 0.66 2991 3.8 0.22 0.13 0.95 0 1 3218.5 2455 0.07 9477;
5.1 3 103 0.82 1 0.64 0.04 0.58 1 0.21 4365 1.6 0.66 0.89 0.63 0 0 919.5 2170 0.38 8262;
9.7 1 100 0.54 2 0.45 0.63 0.09 0 0.65 3692 1.8 0.11 0.42 0.69 0 0 2206.5 2251 0.36 2118;
24 3 43 0.83 1 0.38 0.16 0.66 1 0.19 6778 0.5 0.28 0.39 0.41 1 1 578.5 2485 0.74 7216;
23.9 2 137 0.94 2 0.03 0.95 0.09 2 0.18 3630 1.6 0.45 0.53 0.69 1 0 1830.5 1551 0.38 2379;
7.3 1 15 0.74 1 0.36 0.13 0.23 1 0.56 5689 4.6 0.97 0.3 0.79 1 0 3303.5 573 0.75 4428;
14.2 0 50 0.74 0 0.54 0.4 0.65 2 0.75 2279 3.6 0 0.29 0.88 0 0 2879.5 551 0.54 3643;
17.6 1 134 0.94 0 0.18 0.06 0.14 0 0.41 7753 0.9 0.24 0.94 0.67 0 1 1834.5 988 0.46 6790;
24 2 68 0.75 1 0.73 0.14 0.6 0 0.99 6177 4.8 0.75 0.97 0.36 0 0 1906.5 581 0.48 790;
19 0 51 0.64 2 0.63 0.47 0.28 0 0.19 1973 2.6 0.07 0.56 0.84 0 1 1956.5 2513 0.48 4113;
3.8 3 111 0.68 2 0.39 0.85 0.47 2 0.26 4079 1.2 0.07 0.11 0.16 0 0 759.5 1181 0.2 6554;
16.4 2 178 0.76 2 0.69 0.32 0.5 2 0.14 7298 3.5 0.89 1 0.29 0 1 3508.5 1223 0.33 2044;
18.2 0 186 0.85 1 0.58 0.02 0.54 2 0.79 6996 3.9 0.07 0.22 0.45 0 1 3921.5 1457 0.19 4749;
22.5 3 3 0.66 2 0.44 0.17 0.31 2 0.83 6935 3.3 0.17 0.9 0.55 0 1 1354.5 707 0.23 3748;
16.6 0 77 0.77 2 0.8 0.33 0.21 0 0.52 7472 3.6 0.42 0.55 0.33 0 1 820.5 1354 0.71 3288;
9.4 2 84 0.58 2 0.34 0.49 0.14 2 0.32 5405 0.8 0.84 0.95 0.17 1 0 2232.5 1752 0.64 3138;
28.6 2 119 0.69 0 0.28 0.98 0.84 2 0.41 6491 2.3 0.31 0.53 0.69 1 1 2599.5 2318 0.98 9576;
11.8 3 53 0.71 1 0.84 0.77 0.5 0 0.73 6542 1.1 0.38 0.91 0.96 0 0 3653.5 1511 0.34 4062;
28.1 3 145 0.85 1 0.12 0.33 0.19 0 0.03 1870 1.2 0.67 0.65 0.76 0 1 3543.5 2348 0.2 5252;
18.1 0 37 0.84 0 0.62 0.19 0.5 2 0.19 1083 4.1 0.33 0.4 0.67 1 1 2425.5 2122 0.31 3852;
28.3 0 154 0.68 0 0.76 0.04 0.35 2 0.85 3786 2.1 0.31 0.55 0.88 0 0 3308.5 136 0.69 7483;
14 3 41 0.53 1 0.92 0.34 0.89 1 0.79 7368 3.1 0.5 0.12 0.17 1 0 3559.5 2686 0.9 7794;
10.8 3 117 0.89 0 0.76 0.61 0.74 0 0.69 2591 4.8 0.33 0.14 0.86 0 0 2709.5 632 0.91 9991;
16.3 0 125 0.5 1 0.51 0.51 0.56 2 0.75 2922 1.6 0.13 0 0.76 0 1 2172.5 106 0.67 5893;
15.5 1 40 0.9 2 0.04 0.81 0.3 2 0.49 3378 3.3 0.52 0.38 0.42 0 0 1773.5 2159 0.25 225;
9 1 92 0.85 1 0.97 0.28 0.79 2 0.73 6760 4.6 0.18 0.16 0.96 1 1 1259.5 2826 0.04 745;
20 3 26 0.78 0 0.47 0.88 0.21 1 0.75 6794 4.9 0.39 0.32 0.01 1 1 2439.5 846 0.44 357;
26.1 2 122 0.64 2 0.79 0.12 0.89 1 0.12 7322 2.3 0.53 0.16 0.03 1 1 1608.5 2987 0.88 3101;
1.4 1 103 0.65 1 0.63 0.03 0.03 1 0.73 5329 3.9 0.49 0.22 0.6 1 1 2202.5 900 0.27 984;
21 0 22 0.83 1 0.26 0.13 0.99 2 0.47 5616 1.3 0.54 0.08 0.52 0 0 3903.5 1750 0.79 9128;
4.9 3 143 0.59 2 0.64 0.92 0.11 1 0.33 2523 2.5 0.35 0.27 0.96 0 0 3794.5 1260 0.75 7662;
6.7 3 90 0.62 0 0.07 0.47 0.1 1 0.09 5870 4.7 0.63 0.31 1 1 0 1042.5 577 0.91 5254;
15.3 0 166 0.96 1 1 0.29 0.1 0 0.77 3086 4 0.94 0.94 0.99 1 0 3309.5 475 0.98 1934;
28 3 147 0.66 0 0.68 0.05 0.28 2 0.74 7192 3.2 0.59 0.68 0.37 0 0 367.5 1277 0.19 2776;
29.7 0 5 0.68 1 0.3 0.54 0.46 2 0.57 6091 4.8 0.78 0.09 0.51 0 1 3507.5 556 0.74 1262;
10.8 3 104 0.71 1 0.88 0.57 0.53 0 0.78 657 2.9 0.22 0.41 0.68 0 0 948.5 253 0.25 939;
20.2 2 71 0.9 1 0.81 1 0.48 2 0.63 4851 0.8 0.87 0.44 0.74 0 1 3132.5 1099 0.61 6533;
21.8 0 102 0.86 1 0.77 0.65 0.53 0 0.99 5995 3.3 0.67 0.83 0.26 0 0 1390.5 54 0.18 3442;
27.7 0 130 0.73 1 0 0.39 0.59 0 1 4222 1.6 0.07 0.56 0.62 0 0 1139.5 791 0.3 4348;
7.8 0 42 0.98 0 0.1 0.71 0.16 1 0.44 2904 1.2 0.71 0.19 0.95 0 0 2740.5 1296 1 6095;
28.8 2 77 0.61 1 0.29 0.58 0.41 2 0.91 1860 1.7 0.28 0.48 0.19 0 1 1883.5 995 0.49 9786;
24.4 1 139 0.78 1 0.75 0.24 0.6 2 0.41 7260 0 0.78 0.2 0.55 0 0 2747.5 1530 0.3 2895;
1.2 2 48 0.87 1 0.76 0.25 0.21 2 0.33 7980 4.8 0.59 0.83 0.29 0 1 2842.5 2555 0.94 1339;
8.8 3 48 0.68 2 0.38 0.69 0.61 0 0.69 3868 0.8 0.9 0.18 0.54 0 0 2636.5 1418 0.77 9412;
19.7 1 106 0.57 0 0.09 0.37 0.56 0 0.83 7331 0.3 0.84 0.08 0.47 0 1 1991.5 2522 0.14 5795;
23.9 0 39 0.82 0 0.88 0.37 0.06 0 0.22 2348 4.5 0.6 0.69 0.11 0 0 3881.5 211 0.75 312;
24.6 2 109 0.72 2 0.89 0.79 0.69 0 0.26 4430 1.9 0.82 0.16 0.53 1 1 1901.5 688 0.88 4763;
23.7 1 46 0.82 1 0.16 0.76 0.1 0 0.77 5986 2.9 0.23 0.9 0.65 0 1 3288.5 2062 0.11 6494;
8.7 1 156 0.94 1 0.15 0.88 0.74 0 0.86 6252 3.1 0.17 0.26 0.2 0 1 2450.5 1045 0.61 9894;
2.1 2 91 0.52 1 0.43 0.28 0.31 2 0.92 6771 1.1 0.37 0.62 0.82 0 0 1900.5 1651 0.5 5613;


123 bad patches total









