21.3 1 35 0.5 2 0.3 0.92 0.75 0 0.14 5435 1.4 0.46 1 0.28 1 1 3353.5 2737 0.08 4312;
8.3 0 98 0.87 0 0.05 0.47 0.44 2 0.52 2040 0.7 0.66 0.37 0.65 0 0 1436.5 1325 0.28 8771;
27.7 2 4 0.92 0 0.58 0.76 0.85 2 0.53 4086 4.5 0.83 0.74 0.09 0 1 2425.5 528 0.85 6132;
1.9 1 187 0.92 0 0.09 0.92 0.45 0 0.33 1306 3.5 0.73 0.01 0.84 0 0 2153.5 576 0.75 5014;
6.1 1 145 0.57 0 0.57 0.86 0.3 2 0.22 2834 1.1 0.87 0.74 0.1 1 1 2320.5 2793 0.45 391;
23.1 2 24 0.9 0 0.01 0.43 0.54 1 0.83 3125 3.8 0.84 0.32 0.86 0 1 1805.5 312 0.21 5287;
6.6 3 162 0.8 0 0.38 0.79 0.27 0 0.71 5875 4.4 0.84 0.23 0.49 1 1 3598.5 2226 0.24 1387;
6.9 3 107 0.86 1 0.13 0.47 0.43 0 0.21 2143 1.1 0.41 0.02 0.17 1 1 871.5 2392 0.37 4431;
21.1 1 189 0.52 1 0.92 0.63 0 1 0.17 4682 5 0.7 0.33 0.99 1 1 851.5 1332 0.48 8355;
10.4 3 52 0.53 1 0.72 0.26 0.8 0 0.85 237 2.1 0.94 0.98 0.39 1 1 3901.5 926 0.89 4730;
9.2 1 118 0.64 1 0.78 0.23 0.01 0 0.07 3405 2.5 0.78 0.88 0.4 1 0 1929.5 890 0.38 9815;
0.3 3 114 0.74 2 0.64 0.9 0.78 1 0.24 2060 0.8 0.07 0.15 0.37 0 1 2008.5 210 0.16 6887;
5.5 0 43 0.66 1 0.99 0.44 0.96 1 0.09 7774 1.1 0.37 0.69 0.7 0 0 1220.5 519 0.21 7002;
15.9 0 157 0.6 2 0.76 0.95 0.61 1 0.72 4540 0.2 0.3 0.57 0.63 0 0 2281.5 1588 0.04 6261;
22.6 0 148 0.59 2 0.05 0.25 0.95 1 0.25 3542 2.8 0.5 0.41 0.02 1 1 1402.5 1219 0.23 2571;
4.7 1 170 0.81 2 0.42 0.97 0.69 1 0.23 7428 1.9 0.74 0.87 0.08 0 0 3261.5 1353 0.61 7355;
0.1 3 59 0.89 2 0.75 0.82 0.3 1 0.05 4297 0.9 0.56 0.41 0.47 0 1 667.5 267 0.64 9035;
0.9 2 116 0.71 2 0.17 0.04 0.48 1 0.48 3055 0.5 0.96 0.04 0.84 0 0 543.5 2940 0.41 2384;
27.6 3 134 0.61 2 0.67 0.13 0.57 0 0.36 2632 4.2 0.45 0.67 0.78 0 1 2306.5 2929 0.44 7310;
18.5 2 15 0.54 1 0.87 0.72 0.22 0 0.72 4803 4.9 0.11 0.48 0.15 1 1 572.5 830 1 6826;
25.9 2 180 0.83 0 0.52 0.5 0.26 0 0.22 5105 0.1 0.7 0.84 0.69 1 1 3485.5 1521 0.47 694;
11.3 1 146 0.52 2 0.47 0.01 0.59 2 0.08 4308 4.3 0.03 0.08 0.17 0 1 2349.5 438 0.66 9567;
9.2 3 110 0.79 0 0.63 0.48 0.22 1 0.72 156 4.7 0.35 0.09 0.71 0 1 3343.5 1161 0.45 4205;
2.9 3 83 0.81 2 0.36 0.48 0.59 0 0.12 5938 4.7 0.98 0.69 0.83 1 0 1095.5 2577 0.54 5108;
27.8 0 131 0.79 2 0.32 0.92 0.35 2 0.28 7839 4.5 0.07 0.78 0.34 0 1 1733.5 1544 0.56 6184;
17.9 1 6 0.69 1 0.56 0.77 0.6 0 0.2 3409 4.5 0.04 0.67 0.65 0 0 2784.5 812 0.89 9707;
0.4 1 192 0.96 0 0.55 0.53 0.35 0 0.2 1453 4.8 0.86 0.81 0.24 0 0 1271.5 2021 0.79 8768;
13.9 2 163 0.81 0 0.22 0.08 0.92 0 0.7 6248 0.2 0.78 0.72 0.63 0 0 850.5 1291 0.24 2291;
2.4 1 150 0.88 0 0.2 0.71 0.48 0 0.88 662 2.3 0.71 0.18 0.18 0 1 3140.5 237 0.18 1787;
16.9 1 37 0.58 2 0.1 0.38 0.51 0 0.7 6234 4 0.95 0.45 0.32 0 1 3719.5 743 0.13 5713;
11.8 3 142 0.77 2 0.83 0.09 0.82 0 0.53 942 0.8 0.23 0.83 0.18 1 1 1935.5 2519 0.14 7028;
26.9 0 89 0.74 1 0.3 0.63 0.71 2 0.1 2109 1.9 0.37 0.5 0.22 0 0 2770.5 145 0.81 158;
2.4 1 189 0.96 1 0.25 0.4 0.99 2 0.39 7779 2.2 0.5 0.52 0.41 1 1 771.5 1651 0.8 9905;
13 0 32 0.59 2 0.34 0.89 0.97 0 0.22 4422 4 0.66 0.54 0.23 1 1 1469.5 1479 0.38 9673;
16.1 2 184 0.57 1 0.93 0.11 0.83 0 0.6 6746 4.8 0.44 0.92 0.72 0 0 527.5 901 0.86 5108;
22.2 3 114 0.82 0 0.62 0.35 0.88 2 0.91 5865 3.6 0.91 0.36 0.79 1 0 884.5 122 0.12 5253;
7.1 1 107 0.92 1 0.1 0.4 0.68 1 0.47 7025 4.4 0.54 0.29 0.16 0 1 2071.5 747 0.65 2590;
14.5 1 129 0.97 1 0.78 0.77 0.06 0 0.41 7029 4.2 0.37 0.38 0.25 1 1 319.5 256 0.8 4045;
7 1 89 0.64 1 0.45 0.44 0.44 0 0.34 4635 0.1 0.64 0.89 0.56 1 1 329.5 2497 0.06 9818;
25.6 3 120 0.63 2 0.12 0.58 0.28 0 0.41 6634 0.1 0.31 0.29 0.97 1 1 3875.5 2035 0.29 5500;
9.7 3 173 0.86 0 0.24 0.89 0.46 1 0.95 6429 1 0.6 0.59 0.92 0 1 2149.5 210 0.78 8855;
15.7 0 7 0.91 0 0.23 0.73 0.99 0 0.05 3520 4.5 0.68 0.19 0.72 0 0 2584.5 2953 0.09 4710;
4.9 3 39 0.51 2 0.04 0.03 0.1 1 0.89 1243 1.8 0.66 0.67 0.19 1 1 6.5 1596 0.18 8357;
11.3 2 15 0.92 1 0.55 0.95 0.9 1 0.68 4789 4 0.37 0.31 0.75 0 1 815.5 2942 0.45 1811;
7.4 1 1 0.7 1 0.59 0.28 0.29 1 0.59 827 4.1 0.77 0.31 0.33 1 0 3695.5 32 0.43 7290;
3.4 1 193 0.5 0 0.51 0.68 0.27 2 0.42 2867 3.8 0.97 0.58 0.19 1 0 3193.5 14 0.84 3958;
27.3 0 121 0.83 0 0.25 0.81 0.25 1 0.98 536 4.6 0.53 0.27 0.89 0 1 2554.5 854 0.89 2924;
15.4 1 62 0.75 2 0.64 0.58 0.62 0 0.36 1565 4.9 0.43 0.59 0.1 0 1 819.5 1673 0.74 327;
3.5 2 106 0.57 0 0.08 0.31 0.89 1 1 2556 4 0.79 0.87 0.86 0 0 823.5 618 0.31 8099;
23 0 69 0.94 0 0.85 0.78 0.8 1 0.29 6924 1.8 0.43 0.54 0.02 1 1 3963.5 2066 0.88 939;
7.6 1 117 0.89 2 0.67 0.94 0.28 2 0.07 5814 0.8 0.8 0.34 0.18 1 0 3834.5 2660 0.51 7625;
0 2 107 0.57 2 0.33 0.26 0.44 0 0.79 2397 4.9 0.55 0.59 0.75 1 1 2329.5 487 0.69 464;
10.7 2 151 0.54 1 0.01 0.43 0.7 0 0.68 1456 0.5 0.69 0.1 0.57 0 1 2654.5 377 0.05 9669;
23.9 0 132 0.85 0 0.14 0.22 0.55 2 0.08 7412 1.6 0.14 0.49 0.68 0 0 2431.5 1955 0.2 5220;
10.2 0 85 0.81 2 0.28 0.7 0.82 1 0.28 3976 1.7 0.33 0.61 0.15 0 0 3731.5 2121 0.05 5143;
2.8 3 157 0.85 0 0.16 0.23 0.98 2 0.08 3226 3.6 0.53 0.61 0.47 0 0 1031.5 1274 0.75 8599;
0.2 3 89 0.54 1 0.19 0.88 0.16 1 0.65 2304 1.3 0.8 0.23 0.36 1 1 3678.5 449 0.83 1694;
3.8 1 7 0.85 1 0.33 0.75 0.04 1 0.21 7838 4.7 0.91 0.11 0.86 0 1 806.5 616 0.16 3928;
17.2 1 108 0.89 2 0.59 0.81 0.36 2 0.03 4489 2.8 0.93 0.61 0.31 0 0 2856.5 2676 0.09 9095;
0 3 189 0.96 1 0.36 0.17 0.21 1 0.46 4771 3.2 0.6 0.33 0.35 0 1 3943.5 2444 0.93 305;
17.4 0 107 0.82 1 0.37 0.38 0.35 1 0.07 7800 0.1 0.5 0.51 0.93 0 0 3554.5 1010 0.46 4472;
19.7 1 95 0.5 0 0.05 0.6 0.45 2 0.1 6840 5 0.61 0.65 0.73 1 1 3951.5 714 0.11 8392;
24 1 179 0.67 1 0.39 0.2 0.88 1 0.99 358 4.9 0.48 0.1 0.36 0 0 3643.5 1756 0.11 8460;
0.5 1 124 0.74 0 0.95 0.82 0.86 0 0.2 7020 2.5 0.47 0.68 0.48 0 0 2453.5 621 0.53 5819;
2.2 1 2 0.7 1 0.57 0.24 0.72 2 0.51 3922 0.3 0.86 1 0.57 0 0 3665.5 994 0.11 3883;
2 0 24 0.56 0 0.92 0.1 0.95 0 0.96 4631 1.9 0.47 0.97 0.79 1 1 3317.5 2296 0.93 6820;
7.9 0 134 0.76 0 0.42 0.49 0.37 0 0.01 6734 3.4 0.12 0.02 0.01 0 0 2300.5 2793 0.76 5800;
0.3 0 78 0.55 0 0.29 0.97 0.79 0 0.27 3370 4.6 0.81 0.67 0.68 0 0 3318.5 1983 0.85 7024;
4.3 2 0 0.95 1 0.17 0.45 0.31 0 0.75 797 2.5 1 0.2 0.34 0 1 3783.5 374 0.56 6866;
2.9 1 39 0.65 1 0.59 0.36 0.51 1 0.75 705 2 0.91 0.47 0.47 1 1 2049.5 638 0.3 4897;
10.5 0 103 0.7 1 0.3 0.77 0.39 2 0 5476 0.4 0.33 0.57 0.48 0 1 1432.5 384 0.82 5615;
12.5 1 158 0.75 0 0.77 0.99 0.63 2 0.26 6290 1 0.39 0.96 0.7 0 1 86.5 2170 0.17 7990;
27.9 2 188 0.58 2 0.83 0.38 0.1 0 0.42 1972 4.9 0.71 0.51 0.4 1 1 934.5 2588 0.97 7718;
24.5 0 103 0.66 1 0.84 0.94 0.42 0 0.66 5355 4.6 0.23 0.16 0.88 0 1 3581.5 2902 0.4 8956;
0.3 1 52 0.56 2 0.82 0.73 0.14 2 0.25 2773 4.5 0.58 0.53 0.46 0 1 1824.5 422 0.8 4133;
7.1 1 89 0.73 0 0.42 0.22 0.3 2 0.11 4833 0.5 0.68 0.32 0.49 1 0 2173.5 2292 0.32 5286;
2.6 1 16 0.71 1 0.93 0.62 0.78 1 0.3 4107 1.3 0.59 1 0.65 0 1 1097.5 942 0.59 1601;
8.2 2 101 0.61 1 0.62 0.97 0.38 1 0.97 4811 2.5 0.61 0.34 0.8 1 1 1045.5 1878 0.33 8262;
24.5 0 40 0.97 1 0.83 0.44 0.85 0 0.13 7112 3.3 0.59 0.5 0.57 0 1 87.5 2958 0.07 4595;
















